-2.294293 
-1.727981 
3.537926 
-2.478137 
-1.350626 
-2.231906 
1.606973 
2.291344 
2.484383 
-2.288901 
-1.440112 
-0.247678 
-2.033721 
0.792726 
2.795223 
2.174514 
-2.426592 
-1.526306 
-2.885532 
-0.352189 
0.396424 
-0.838675 
-2.772020 
0.392277 
-2.300028 
2.379357 
0.430045 
0.133732 
-1.841736 
2.317084 
1.699389 
1.685520 
-2.552490 
1.705669 
-1.808318 
-0.761523 
-1.204242 
1.732599 
-1.611772 
-1.861451 
-3.100398 
-1.586566 
-0.788542 
-1.992526 
4.013674 
0.686094 
-2.959605 
2.410565 
2.301381 
-2.703544 
-1.083216 
-1.002577 
1.358429 
-0.713644 
0.648120 
0.440938 
-1.475879 
-4.006558 
-2.566923 
-0.176023 
-2.887936 
2.274059 
-3.347888 
-2.403011 
-2.981462 
-1.756217 
1.961558 
-1.044111 
-1.707815 
1.611058 
-0.843929 
-1.251239 
-3.117101 
-1.873098 
1.989693 
2.372245 
1.954589 
-0.335565 
1.937988 
-1.970849 
0.102483 
-2.583592 
1.370220 
4.883599 
2.763053 
-1.123252 
0.142795 
1.510071 
-0.045087 
3.108958 
-2.379566 
-2.021092 
-0.150069 
2.827368 
2.684566 
-2.815231 
2.544724 
-2.009026 
2.107544 
-2.304684 
2.743624 
2.265358 
-0.829712 
2.768116 
0.470476 
1.794328 
1.998768 
-0.716528 
-4.634432 
2.281836 
-2.743744 
1.561246 
1.056393 
1.768069 
1.263102 
-3.326461 
-2.496776 
-2.851397 
2.410821 
2.673221 
2.341069 
-2.028167 
-2.141754 
-1.168299 
0.305229 
1.859630 
1.983356 
-0.291640 
2.992196 
-1.232798 
0.545268 
2.594227 
-1.842534 
0.557112 
2.220751 
0.621765 
1.509884 
1.077926 
3.046829 
2.968647 
-1.565274 
-2.838507 
1.388300 
2.632712 
2.071155 
-1.279411 
-2.749723 
2.715971 
0.915707 
2.802691 
-1.978445 
-0.102523 
-2.877218 
0.982409 
0.419889 
0.569604 
1.860185 
0.712534 
-1.245144 
2.596559 
-1.479752 
-2.500621 
-2.768147 
-1.328463 
-0.972740 
-3.581249 
1.774360 
-1.092920 
2.302361 
2.340132 
-1.265866 
-2.404506 
2.643218 
-3.019159 
-2.913387 
1.572780 
-0.761828 
-2.521517 
1.147158 
-2.593642 
-2.860419 
-3.384149 
0.445428 
-2.596044 
-0.154243 
-0.825394 
1.115153 
-2.755960 
3.028732 
1.393117 
1.555172 
-1.592612 
-3.458382 
-2.582737 
1.677233 
2.755137 
-1.358302 
1.052285 
-1.479375 
-4.677742 
-1.287640 
-0.548864 
-1.349584 
-1.786015 
0.518786 
-1.232242 
2.928357 
-2.990563 
-2.789177 
0.933923 
-2.442613 
-0.330993 
0.761224 
1.144408 
-2.284264 
-1.352675 
-2.061361 
-1.811884 
-2.123763 
-2.335085 
2.722825 
1.834976 
-1.386459 
-1.344012 
2.393831 
1.975652 
-3.911632 
-2.106063 
0.484959 
-4.186420 
-3.747219 
0.201832 
-2.813491 
-1.510762 
1.557410 
0.846888 
2.428491 
1.344174 
-1.922452 
-2.501495 
-0.863496 
1.696897 
1.485330 
-1.749898 
-3.064152 
-1.441707 
2.808968 
1.524872 
-0.803500 
1.228844 
-2.638371 
2.412147 
1.782155 
1.843500 
-0.992061 
-4.762735 
