-2.294293 
-1.727981 
0.668093 
-1.312845 
-1.350626 
-4.769379 
0.399325 
1.681651 
2.484383 
-2.288901 
-1.440111 
-0.247678 
-2.033721 
0.792726 
0.841209 
2.174513 
-2.426591 
-1.526306 
-2.885532 
0.646540 
-2.214288 
0.928886 
-2.772020 
-3.450788 
-2.300028 
1.563939 
0.430045 
0.204027 
-1.841736 
3.837913 
1.699389 
2.904671 
-5.065606 
-4.293519 
-1.808318 
-0.761523 
-1.204242 
-0.398964 
-1.611771 
-2.005409 
-4.743660 
-1.586566 
-0.788542 
-1.992526 
2.347753 
0.686094 
-2.959605 
2.410565 
2.301381 
-2.703544 
-1.083216 
-1.002577 
1.358428 
-0.713644 
0.648120 
3.145980 
-1.475880 
-4.006558 
-5.567350 
-0.176023 
-2.887936 
4.244333 
-3.347888 
-3.884806 
-2.981462 
-1.756217 
2.601229 
-1.044111 
-2.746460 
1.611058 
-0.843929 
-0.319028 
-3.117101 
-4.415577 
-0.517553 
2.372244 
1.954589 
-0.335565 
1.937988 
1.114377 
0.102483 
-2.583592 
-0.893544 
2.737671 
-0.155642 
-1.123252 
-2.630073 
1.510071 
-0.045087 
2.507371 
-1.807545 
0.586177 
-1.365244 
-0.298048 
1.451015 
0.010062 
2.544724 
-2.009026 
2.107544 
-2.304684 
2.743624 
-0.798018 
-0.829711 
2.768116 
-2.120208 
1.794328 
1.998768 
-0.716528 
-1.682831 
0.498392 
-2.743744 
1.561246 
1.056393 
1.768069 
1.263103 
-3.326461 
-2.496776 
-2.851397 
2.410822 
0.599730 
2.341069 
-2.538316 
-2.333292 
-1.168299 
0.305229 
1.859630 
1.983356 
-0.291640 
2.992196 
0.949307 
0.545268 
2.594227 
-2.990304 
4.033153 
2.220751 
0.621765 
1.509884 
1.077926 
3.046830 
2.968647 
-1.565274 
-4.558644 
1.388300 
2.632712 
2.071155 
-1.279411 
-2.120879 
2.715971 
0.915707 
4.158636 
-2.362469 
-2.658933 
-2.877218 
1.956241 
1.870771 
0.569604 
2.753772 
0.712534 
-2.222785 
-0.448951 
-1.479752 
0.823232 
-2.768147 
-1.328463 
1.240465 
-3.182417 
1.774360 
-1.092920 
2.302361 
2.340132 
-1.265866 
-2.404506 
2.643218 
-3.019159 
-2.913387 
1.572780 
-0.761828 
-2.521518 
1.147159 
-2.593642 
-2.860419 
-3.384149 
0.445427 
-2.596044 
-0.154243 
-0.825394 
1.115153 
-2.755960 
3.028732 
1.393117 
1.555172 
-1.592612 
-3.458382 
-2.582737 
1.677233 
2.755137 
-1.358302 
0.537619 
-1.277677 
-2.197534 
-1.287640 
-1.358734 
0.960744 
-1.786015 
0.518786 
-1.232242 
2.928357 
-2.990563 
2.495152 
0.933923 
-2.442613 
-0.330994 
2.255190 
-1.948858 
-2.284264 
-1.352675 
-2.061361 
-1.811884 
-3.841350 
-2.335085 
2.722825 
4.596434 
-1.386459 
-1.344012 
4.406859 
4.353291 
-3.911632 
-0.362975 
-1.652120 
-4.186420 
-4.281187 
0.201832 
-2.813491 
2.706693 
1.557410 
0.846888 
2.428490 
1.344174 
0.997917 
-1.325269 
-0.863496 
1.696897 
1.485330 
-1.749898 
-0.300288 
-1.441707 
2.808969 
-1.344975 
-0.111999 
1.228844 
-0.575666 
2.412147 
1.782155 
2.833309 
2.601926 
-2.404596 
