0.38566 
-1.72798 
-0.67172 
-0.35225 
-1.35063 
-2.23191 
0.39932 
2.29134 
2.48438 
-4.27662 
-3.11639 
-0.24768 
-2.03372 
0.79273 
2.79522 
2.17451 
-3.07878 
-1.52631 
-2.88553 
-0.35219 
-2.04554 
-0.83868 
-2.77202 
0.39228 
-2.30003 
2.37936 
-1.91133 
0.13373 
-1.84174 
2.31708 
1.69939 
1.68552 
-2.55249 
-2.11393 
-1.80832 
-0.76152 
-1.20424 
1.73260 
-1.61177 
-1.86145 
-3.10040 
-1.58657 
1.03246 
-1.99253 
2.34775 
0.68609 
-2.95960 
2.41057 
2.30138 
-2.70354 
-1.08322 
-2.88575 
-0.40063 
-0.71364 
0.64812 
0.44094 
-1.47588 
-2.06343 
-2.56692 
1.98372 
-1.82541 
2.27406 
0.22075 
-2.29883 
-2.98146 
-0.29882 
0.08124 
-1.04411 
-1.70782 
1.61106 
0.23603 
-1.66662 
-3.11710 
-1.87310 
-0.51755 
2.37224 
1.95459 
-0.33557 
1.64122 
1.11438 
0.10248 
-2.58359 
1.37022 
2.84345 
-0.15564 
-1.12325 
0.14280 
1.51007 
-0.04509 
0.71747 
-1.80754 
0.20857 
-2.83368 
-0.29805 
1.05133 
0.01006 
-0.23860 
-2.00903 
2.10754 
-0.90982 
2.74362 
-0.79802 
-0.82971 
2.76812 
0.47048 
1.79433 
1.99877 
-0.71653 
-1.68283 
0.49839 
-2.74374 
1.56125 
0.06197 
1.76807 
1.26310 
-2.24084 
-2.49678 
-1.73570 
2.41082 
0.59973 
2.12336 
-2.53832 
-2.33329 
-1.16830 
0.30523 
1.59124 
1.98336 
-0.46539 
2.99220 
0.94931 
0.54527 
2.59423 
-2.99030 
2.85715 
2.22075 
0.62176 
1.50988 
1.07793 
3.04683 
2.96865 
-1.56527 
-2.83851 
1.38830 
2.63271 
2.07115 
-0.61404 
-2.74972 
2.71597 
0.91571 
2.80269 
0.17411 
-0.10252 
-2.87722 
0.98241 
1.87077 
0.56960 
2.69717 
0.71253 
-2.86363 
-0.44895 
-1.47975 
0.82323 
-0.99632 
-1.32846 
0.53879 
-2.62142 
2.43490 
-1.09292 
2.30236 
2.34013 
-1.26587 
-2.40451 
2.64322 
-3.01916 
-2.91339 
3.52439 
-0.36776 
-2.52152 
1.14716 
-2.59364 
-2.86042 
-1.82033 
0.44543 
-2.59604 
2.30368 
0.62790 
1.11515 
-1.13747 
3.02873 
1.39312 
1.55517 
-1.59261 
-1.30169 
-2.58274 
0.22052 
2.75514 
-3.67476 
-0.48618 
1.04062 
-2.19753 
-1.28764 
0.39635 
-1.46045 
-1.78602 
0.51879 
-1.23224 
2.92836 
-2.99056 
-0.61217 
0.93392 
-4.06548 
-0.33099 
2.25519 
1.14441 
0.21456 
1.41727 
-2.82258 
-1.81188 
-2.86179 
-2.93544 
2.72282 
1.83498 
-1.38646 
1.63884 
2.39383 
1.97565 
-1.73047 
-2.10606 
-1.65212 
-0.06825 
-1.16200 
0.20183 
-2.81349 
0.51914 
1.55741 
0.84689 
2.42849 
1.34417 
0.99792 
-1.32527 
-0.86350 
1.69690 
1.48533 
-1.74990 
-0.30029 
-1.44171 
2.80897 
0.01873 
-2.35412 
3.08877 
0.22488 
-0.53077 
1.78216 
1.98001 
1.26681 
1.03439 
1.82696 
-1.67424 
1.70917 
3.79667 
-0.67275 
-6.24138 
4.27035 
-1.25749 
1.25530 
0.31342 
0.14247 
0.71396 
0.69144 
-2.20220 
10.63015 
-3.15745 
-11.25729 
-3.27450 
-0.19470 
8.23230 
2.57390 
5.16100 
-6.02857 
-1.33857 
-0.73347 
0.88553 
-5.32269 
-5.54395 
2.11963 
-0.58981 
-4.12940 
2.49977 
-0.40730 
1.01141 
-2.91314 
7.74705 
-1.15420 
0.05270 
-1.14300 
-0.63210 
-0.25747 
-2.37938 
-4.07363 
4.99584 
-4.66019 
-2.83416 
-1.18792 
3.24253 
1.18145 
-0.58335 
-3.40259 
5.11713 
-2.16792 
8.52785 
2.47732 
-5.20144 
-1.85381 
7.95623 
-9.20454 
-17.22017 
-4.17198 
1.70366 
6.20359 
1.51428 
-0.56999 
7.16808 
0.57508 
0.95259 
-3.54820 
2.57367 
-2.01338 
0.22680 
-5.86218 
-4.88170 
-1.92672 
-10.05054 
4.22597 
-2.16204 
-3.56804 
-8.13048 
2.59338 
4.90079 
1.00803 
-0.86780 
-4.65899 
0.94210 
5.97670 
-3.33291 
1.60669 
-2.02429 
-1.46923 
4.78243 
-15.95857 
4.52637 
-0.04002 
-7.27852 
0.75917 
-2.34863 
5.17231 
-12.53376 
3.10873 
-2.37610 
1.45606 
-1.10071 
1.91549 
-2.35372 
5.29471 
-1.40048 
-7.26701 
0.60797 
-0.03967 
6.81865 
0.00219 
-3.56056 
13.54466 
-10.72056 
-2.35922 
-0.40401 
-4.75002 
-1.49575 
9.57539 
6.72113 
1.98361 
-2.69482 
5.90375 
1.40145 
2.71328 
-2.24604 
0.58659 
-4.95735 
-0.23331 
-6.20075 
-0.39505 
2.07458 
2.05108 
5.40250 
-1.62016 
1.56715 
-1.60723 
5.23591 
0.98889 
-5.66291 
2.93542 
6.44098 
-0.04529 
3.72960 
-14.05206 
-1.56756 
-5.09216 
4.50194 
3.08675 
8.12762 
-3.25214 
-1.26924 
-3.87008 
-5.72065 
2.78176 
5.36011 
3.63429 
6.60277 
2.28290 
6.07829 
-2.30251 
4.16730 
2.07742 
5.61732 
-0.10922 
-2.68434 
5.16183 
1.18297 
3.47736 
-9.46885 
-0.39427 
-2.97378 
3.03034 
-10.65801 
-4.20724 
5.68777 
-2.63418 
0.23345 
-4.19617 
-2.68902 
2.04311 
-2.56503 
-0.77846 
-2.82816 
-3.64822 
-2.13648 
1.60287 
5.74158 
-0.55277 
-5.46296 
-1.07349 
2.02837 
1.69695 
-15.49704 
1.90967 
-1.79604 
-8.57012 
3.56050 
7.99823 
-9.48388 
0.37410 
-0.94004 
-1.58985 
-2.03481 
5.71750 
-1.32573 
-8.46215 
5.12725 
-1.29441 
6.34041 
-0.63838 
7.96552 
-8.81236 
2.03355 
-2.01883 
-3.48902 
0.08596 
3.89393 
3.04081 
-5.30362 
3.48179 
-0.69390 
0.67761 
-4.08926 
4.06301 
0.69848 
-5.50853 
-2.21595 
0.41196 
-4.62165 
1.69626 
0.01191 
1.59823 
-0.36795 
5.90857 
5.78415 
-2.34463 
-1.13113 
-1.77602 
0.70444 
1.61792 
0.23176 
5.19402 
-0.43743 
8.80671 
2.53398 
4.94976 
-3.82237 
-2.20809 
0.71565 
-1.66336 
3.41411 
4.46356 
-1.14656 
