3.735397 
2.677939 
4.627062 
-0.150747 
-0.531904 
-2.233674 
-0.867463 
-0.203802 
1.427059 
-1.157365 
-2.318002 
0.713957 
2.265366 
1.641003 
2.530280 
-1.739723 
-2.895029 
0.874018 
-0.348028 
3.037612 
-0.082757 
-0.680653 
-0.085255 
-0.679689 
-0.733473 
-3.001970 
1.931137 
-2.092910 
2.119634 
0.056358 
2.083076 
-0.207888 
-0.407295 
1.449477 
-1.045938 
2.202393 
1.919326 
1.459437 
-1.143001 
0.204792 
2.380629 
-0.499916 
0.127785 
1.504402 
-3.654238 
-2.834156 
2.906271 
1.337394 
1.181454 
-0.583350 
1.233414 
3.568123 
4.704917 
-1.993434 
3.075669 
-1.997475 
-1.853811 
-1.062278 
-0.948793 
-2.875769 
-1.220021 
-2.007309 
0.611055 
1.185948 
2.145691 
2.242189 
3.181000 
0.923424 
0.471434 
2.573668 
-4.190625 
1.775762 
-1.067840 
-1.094628 
-2.460689 
0.073247 
-0.787191 
-2.162042 
-2.624187 
-3.643500 
0.396201 
2.644055 
1.008028 
3.699965 
-0.647704 
0.942104 
0.276317 
-1.203190 
-0.334275 
3.952870 
-3.528051 
3.264689 
-2.679785 
4.620300 
1.138518 
2.208267 
1.274158 
-2.606535 
0.389329 
-1.396000 
3.108726 
-1.548875 
1.456063 
-1.100707 
-2.718675 
2.670935 
2.114132 
-0.364273 
-0.863195 
-3.631914 
0.029990 
0.905095 
3.027235 
-2.103575 
-3.104299 
-3.121547 
1.980122 
-1.857924 
-0.666928 
-0.545563 
-3.278840 
-2.024501 
-6.072635 
0.102942 
0.657866 
0.051531 
-0.431153 
-1.209569 
0.586589 
4.228703 
0.536024 
0.553722 
3.941018 
1.341051 
2.594607 
1.898640 
-1.620163 
1.567146 
-1.607226 
-1.111269 
1.950326 
1.564356 
2.935418 
1.835968 
2.602374 
5.377661 
2.372230 
1.440904 
0.144729 
-1.436290 
3.875730 
2.927456 
-3.040586 
-3.104884 
-2.158291 
0.758873 
2.161671 
2.599245 
3.603859 
-2.655046 
2.557422 
1.144112 
0.628671 
0.891552 
4.597408 
2.652214 
-1.883986 
-2.684339 
-0.892882 
1.182966 
-0.654016 
-2.084149 
-0.394270 
-0.860191 
2.893411 
-0.933489 
-1.282377 
2.124049 
-2.634178 
2.257250 
-2.453834 
-1.355810 
2.043114 
-2.352827 
-4.344406 
-1.209674 
1.547638 
2.718863 
-1.752021 
1.096943 
1.252350 
-2.336191 
-4.498668 
-0.660693 
4.770053 
-3.023498 
-3.120721 
-4.904399 
-2.566245 
-0.905977 
2.528519 
-0.300131 
2.941030 
-1.007344 
2.202733 
-0.062749 
1.200760 
-1.967932 
0.298593 
1.708174 
-2.852275 
-0.392534 
3.312701 
2.332432 
-1.362164 
4.982786 
-2.860432 
-1.197723 
-1.324426 
-2.355364 
3.040812 
-1.803287 
0.176139 
-2.060103 
0.677613 
-1.268500 
-4.834348 
0.698485 
-0.334668 
-3.368423 
1.549539 
-0.536021 
1.696263 
-0.578890 
1.598227 
0.757403 
3.090751 
-0.342606 
2.060015 
-1.326926 
-1.776024 
2.220382 
1.617924 
-2.756870 
0.851771 
-1.127438 
3.034751 
2.270902 
-0.933737 
-0.142537 
-1.470737 
-2.176063 
1.317420 
2.320241 
1.690408 
3.328721 
