-2.294293 
-1.727981 
3.537926 
-2.478137 
-1.350626 
-2.231906 
1.606973 
2.291344 
2.484383 
-2.288901 
-1.440112 
-0.247678 
-2.033721 
0.792726 
2.795223 
2.174514 
-2.426592 
-1.526306 
-2.885532 
-0.352189 
0.396424 
-0.838675 
-2.772020 
0.392277 
-2.300028 
2.379357 
0.430045 
0.133732 
-1.841736 
2.317084 
1.699389 
1.685520 
-2.552490 
1.705669 
-1.808318 
-0.761523 
-1.204242 
1.732599 
-1.611772 
-1.861451 
-3.100398 
-1.586566 
-0.788542 
-1.992526 
4.013674 
0.686094 
-2.959605 
2.410565 
2.301381 
-2.703544 
-1.083216 
-1.002577 
1.358429 
-0.713644 
0.648120 
0.440938 
-1.475879 
-4.006558 
-2.566923 
-0.176023 
-2.887936 
2.274059 
-3.347888 
-2.403011 
-2.981462 
-1.756217 
1.961558 
-1.044111 
-1.707815 
1.611058 
-0.843929 
-1.251239 
-3.117101 
-1.873098 
1.989693 
2.372245 
1.954589 
-0.335565 
1.937988 
-1.970849 
0.102483 
-2.583592 
1.370220 
4.883599 
2.763053 
-1.123252 
0.142795 
1.510071 
-0.045087 
3.108958 
-2.379566 
-2.021092 
-0.150069 
2.827368 
2.684566 
-2.815231 
2.544724 
-2.009026 
2.107544 
-2.304684 
2.743624 
2.265358 
-0.829712 
2.768116 
0.470476 
1.794328 
1.998768 
-0.716528 
-4.634432 
2.281836 
-2.743744 
1.561246 
1.056393 
1.768069 
1.263102 
-3.326461 
-2.496776 
-2.851397 
2.410821 
2.673221 
2.341069 
-2.028167 
-2.141754 
-1.168299 
0.305229 
1.859630 
1.983356 
-0.291640 
2.992196 
-1.232798 
0.545268 
2.594227 
-1.842534 
0.557112 
2.220751 
0.621765 
1.509884 
1.077926 
3.046829 
2.968647 
-1.565274 
-2.838507 
1.388300 
2.632712 
2.071155 
-1.279411 
-2.749723 
2.715971 
0.915707 
2.802691 
-1.978445 
-0.102523 
-2.877218 
0.982409 
0.419889 
0.569604 
1.860185 
0.712534 
-1.245144 
2.596559 
-1.479752 
-2.500621 
-2.768147 
-1.328463 
-0.972740 
-3.581249 
1.774360 
-1.092920 
2.302361 
2.340132 
-1.265866 
-2.404506 
2.643218 
-3.019159 
-2.913387 
1.572780 
-0.761828 
-2.521517 
1.147158 
-2.593642 
-2.860419 
-3.384149 
0.445428 
-2.596044 
-0.154243 
-0.825394 
1.115153 
-2.755960 
3.028732 
1.393117 
1.555172 
-1.592612 
-3.458382 
-2.582737 
1.677233 
2.755137 
-1.358302 
1.052285 
-1.479375 
-4.677742 
-1.287640 
-0.548864 
-1.349584 
-1.786015 
0.518786 
-1.232242 
2.928357 
-2.990563 
-2.789177 
0.933923 
-2.442613 
-0.330993 
0.761224 
1.144408 
-2.284264 
-1.352675 
-2.061361 
-1.811884 
-2.123763 
-2.335085 
2.722825 
1.834976 
-1.386459 
-1.344012 
2.393831 
1.975652 
-3.911632 
-2.106063 
0.484959 
-4.186420 
-3.747219 
0.201832 
-2.813491 
-1.510762 
1.557410 
0.846888 
2.428491 
1.344174 
-1.922452 
-2.501495 
-0.863496 
1.696897 
1.485330 
-1.749898 
-3.064152 
-1.441707 
2.808968 
1.524872 
-0.803500 
1.228844 
-2.638371 
2.412147 
1.782155 
1.843500 
-0.992061 
-4.762735 
3.735397 
2.677939 
4.627062 
-0.150747 
-0.531904 
-2.233674 
-0.867463 
-0.203802 
1.427059 
-1.157365 
-2.318002 
0.713957 
2.265366 
1.641003 
2.530280 
-1.739723 
-2.895029 
0.874018 
-0.348028 
3.037612 
-0.082757 
-0.680653 
-0.085255 
-0.679689 
-0.733473 
-3.001970 
1.931137 
-2.092910 
2.119634 
0.056358 
2.083076 
-0.207888 
-0.407295 
1.449477 
-1.045938 
2.202393 
1.919326 
1.459437 
-1.143001 
0.204792 
2.380629 
-0.499916 
0.127785 
1.504402 
-3.654238 
-2.834156 
2.906271 
1.337394 
1.181454 
-0.583350 
1.233414 
3.568123 
4.704917 
-1.993434 
3.075669 
-1.997475 
-1.853811 
-1.062278 
-0.948793 
-2.875769 
-1.220021 
-2.007309 
0.611055 
1.185948 
2.145691 
2.242189 
3.181000 
0.923424 
0.471434 
2.573668 
-4.190625 
1.775762 
-1.067840 
-1.094628 
-2.460689 
0.073247 
-0.787191 
-2.162042 
-2.624187 
-3.643500 
0.396201 
2.644055 
1.008028 
3.699965 
-0.647704 
0.942104 
0.276317 
-1.203190 
-0.334275 
3.952870 
-3.528051 
3.264689 
-2.679785 
4.620300 
1.138518 
2.208267 
1.274158 
-2.606535 
0.389329 
-1.396000 
3.108726 
-1.548875 
1.456063 
-1.100707 
-2.718675 
2.670935 
2.114132 
-0.364273 
-0.863195 
-3.631914 
0.029990 
0.905095 
3.027235 
-2.103575 
-3.104299 
-3.121547 
1.980122 
-1.857924 
-0.666928 
-0.545563 
-3.278840 
-2.024501 
-6.072635 
0.102942 
0.657866 
0.051531 
-0.431153 
-1.209569 
0.586589 
4.228703 
0.536024 
0.553722 
3.941018 
1.341051 
2.594607 
1.898640 
-1.620163 
1.567146 
-1.607226 
-1.111269 
1.950326 
1.564356 
2.935418 
1.835968 
2.602374 
5.377661 
2.372230 
1.440904 
0.144729 
-1.436290 
3.875730 
2.927456 
-3.040586 
-3.104884 
-2.158291 
0.758873 
2.161671 
2.599245 
3.603859 
-2.655046 
2.557422 
1.144112 
0.628671 
0.891552 
4.597408 
2.652214 
-1.883986 
-2.684339 
-0.892882 
1.182966 
-0.654016 
-2.084149 
-0.394270 
-0.860191 
2.893411 
-0.933489 
-1.282377 
2.124049 
-2.634178 
2.257250 
-2.453834 
-1.355810 
2.043114 
-2.352827 
-4.344406 
-1.209674 
1.547638 
2.718863 
-1.752021 
1.096943 
1.252350 
-2.336191 
-4.498668 
-0.660693 
4.770053 
-3.023498 
-3.120721 
-4.904399 
-2.566245 
-0.905977 
2.528519 
-0.300131 
2.941030 
-1.007344 
2.202733 
-0.062749 
1.200760 
-1.967932 
0.298593 
1.708174 
-2.852275 
-0.392534 
3.312701 
2.332432 
-1.362164 
4.982786 
-2.860432 
-1.197723 
-1.324426 
-2.355364 
3.040812 
-1.803287 
0.176139 
-2.060103 
0.677613 
-1.268500 
-4.834348 
0.698485 
-0.334668 
-3.368423 
1.549539 
-0.536021 
1.696263 
-0.578890 
1.598227 
0.757403 
3.090751 
-0.342606 
2.060015 
-1.326926 
-1.776024 
2.220382 
1.617924 
-2.756870 
0.851771 
-1.127438 
3.034751 
2.270902 
-0.933737 
-0.142537 
-1.470737 
-2.176063 
1.317420 
2.320241 
1.690408 
3.328721 
