3.735398 
2.677939 
3.344723 
1.045406 
-0.531904 
-5.092307 
-0.636218 
1.747811 
1.427059 
-1.157365 
-2.318002 
0.713957 
2.265366 
1.641003 
1.733882 
-1.739723 
-2.895030 
0.874018 
-0.348028 
5.174586 
1.990561 
1.580045 
-0.085255 
-1.179374 
-0.733473 
-3.823286 
1.931137 
-3.948619 
2.119635 
-2.144016 
2.083076 
0.290255 
2.602310 
0.719316 
-1.045938 
2.202394 
1.919326 
4.575518 
-1.143002 
3.135951 
4.497924 
-0.499916 
0.127785 
1.504401 
-2.000506 
-2.834156 
2.906271 
1.337394 
1.181454 
-0.583350 
1.233414 
3.568122 
4.704917 
-1.993434 
3.075669 
-3.234110 
-1.853811 
-1.062278 
2.164804 
-2.875769 
-1.220021 
-1.208855 
0.611055 
4.007810 
2.145691 
2.242188 
-2.213130 
0.923424 
2.289635 
2.573668 
-4.190625 
1.736081 
-1.067840 
-2.955154 
-1.926721 
0.073246 
-0.787191 
-2.162042 
-2.624187 
-2.747329 
0.396201 
2.644055 
4.307518 
0.567825 
-2.490972 
0.942104 
3.278826 
-1.203191 
-0.334275 
4.796669 
-0.937367 
3.974559 
-3.733212 
2.262161 
-2.191909 
2.607498 
1.274158 
-2.606535 
0.389330 
-1.396000 
3.108726 
1.517546 
1.456063 
-1.100707 
-2.058883 
2.670935 
2.114132 
-0.364273 
-2.632699 
-2.758413 
0.029990 
0.905095 
3.027235 
-2.103575 
-3.104299 
-3.121547 
1.980122 
-1.857924 
-0.666928 
-1.495746 
-3.278840 
1.537297 
-3.050042 
0.102942 
0.657866 
0.051531 
-0.431153 
-1.209569 
0.586589 
3.099770 
0.536024 
0.553722 
1.475722 
-2.705661 
2.594607 
1.898640 
-1.620163 
1.567146 
-1.607226 
-1.111269 
1.950326 
3.196418 
2.935418 
1.835968 
2.602374 
5.377662 
3.137880 
1.440903 
0.144729 
-1.749778 
4.485772 
1.354039 
-3.040585 
-1.796898 
-0.111195 
0.758873 
2.189878 
2.599246 
4.041984 
-2.466764 
2.557422 
0.085328 
0.628671 
0.891552 
4.237154 
-2.146574 
-1.883986 
-2.684340 
-0.892882 
1.182966 
-0.654016 
-2.084149 
-0.394270 
-0.860191 
2.893411 
-0.933489 
-1.282377 
2.124049 
-2.634178 
2.257250 
-2.453835 
-1.355810 
2.043114 
-2.352827 
-4.344406 
-1.209674 
1.547638 
2.718863 
-1.752021 
1.096942 
1.252350 
-2.336191 
-4.498668 
-0.660693 
4.770053 
-3.023498 
-3.120721 
-1.426239 
-4.577193 
-0.872011 
2.528519 
-3.125424 
6.005058 
-1.007344 
2.202733 
-0.062749 
1.200760 
-1.967932 
-1.988676 
1.708174 
-2.852274 
-0.392534 
2.160747 
2.590599 
-1.362164 
4.982786 
-2.860432 
-1.197724 
-2.225576 
-2.355364 
3.040812 
-3.751252 
0.176139 
-2.060103 
1.776531 
-3.663214 
-4.834348 
2.423486 
0.077053 
-3.368423 
3.840124 
-0.536021 
1.696263 
-1.393341 
1.598227 
0.757403 
3.090751 
-0.342606 
1.931064 
-1.131134 
-1.776024 
2.220382 
1.617924 
-2.756870 
1.411221 
-1.127438 
3.034751 
3.816646 
0.816432 
-0.142536 
-1.259690 
-2.176063 
1.317420 
2.170598 
1.632149 
3.274608 
