-2.294293 
-1.727981 
0.668093 
-1.312846 
-1.350626 
-4.769379 
0.399325 
1.681651 
2.484383 
-2.288901 
-1.440111 
-0.247678 
-2.033721 
0.792726 
0.841209 
2.174514 
-2.426591 
-1.526306 
-2.885532 
0.646540 
-2.214288 
0.928885 
-2.772020 
-3.450788 
-2.300028 
1.563939 
0.430045 
0.204027 
-1.841736 
3.837913 
1.699389 
2.904671 
-5.065606 
-4.293519 
-1.808318 
-0.761523 
-1.204242 
-0.398964 
-1.611772 
-2.005409 
-4.743660 
-1.586566 
-0.788542 
-1.992526 
2.347753 
0.686094 
-2.959605 
2.410565 
2.301381 
-2.703544 
-1.083216 
-1.002577 
1.358428 
-0.713644 
0.648120 
3.145980 
-1.475880 
-4.006558 
-5.567350 
-0.176023 
-2.887936 
4.244333 
-3.347888 
-3.884806 
-2.981462 
-1.756217 
2.601229 
-1.044111 
-2.746460 
1.611058 
-0.843929 
-0.319028 
-3.117101 
-4.415577 
-0.517553 
2.372245 
1.954589 
-0.335565 
1.937988 
1.114377 
0.102483 
-2.583592 
-0.893543 
2.737671 
-0.155643 
-1.123252 
-2.630073 
1.510071 
-0.045087 
2.507371 
-1.807545 
0.586177 
-1.365244 
-0.298048 
1.451015 
0.010062 
2.544724 
-2.009026 
2.107544 
-2.304684 
2.743624 
-0.798018 
-0.829712 
2.768116 
-2.120208 
1.794328 
1.998768 
-0.716528 
-1.682831 
0.498393 
-2.743744 
1.561246 
1.056393 
1.768069 
1.263102 
-3.326461 
-2.496776 
-2.851397 
2.410821 
0.599730 
2.341069 
-2.538316 
-2.333292 
-1.168299 
0.305229 
1.859630 
1.983356 
-0.291640 
2.992196 
0.949307 
0.545268 
2.594227 
-2.990304 
4.033154 
2.220751 
0.621765 
1.509884 
1.077926 
3.046829 
2.968647 
-1.565274 
-4.558644 
1.388300 
2.632712 
2.071155 
-1.279411 
-2.120879 
2.715971 
0.915707 
4.158636 
-2.362469 
-2.658933 
-2.877218 
1.956240 
1.870771 
0.569604 
2.753772 
0.712534 
-2.222784 
-0.448951 
-1.479752 
0.823232 
-2.768147 
-1.328463 
1.240465 
-3.182417 
1.774360 
-1.092920 
2.302361 
2.340132 
-1.265866 
-2.404506 
2.643218 
-3.019159 
-2.913387 
1.572780 
-0.761828 
-2.521518 
1.147158 
-2.593642 
-2.860419 
-3.384149 
0.445427 
-2.596044 
-0.154243 
-0.825394 
1.115153 
-2.755960 
3.028732 
1.393117 
1.555172 
-1.592612 
-3.458381 
-2.582737 
1.677233 
2.755137 
-1.358302 
0.537619 
-1.277677 
-2.197534 
-1.287640 
-1.358734 
0.960744 
-1.786015 
0.518786 
-1.232242 
2.928357 
-2.990563 
2.495152 
0.933923 
-2.442613 
-0.330993 
2.255190 
-1.948859 
-2.284264 
-1.352675 
-2.061361 
-1.811884 
-3.841350 
-2.335085 
2.722825 
4.596434 
-1.386459 
-1.344012 
4.406859 
4.353291 
-3.911632 
-0.362975 
-1.652120 
-4.186420 
-4.281187 
0.201832 
-2.813491 
2.706693 
1.557410 
0.846888 
2.428491 
1.344174 
0.997917 
-1.325269 
-0.863496 
1.696897 
1.485330 
-1.749898 
-0.300288 
-1.441707 
2.808968 
-1.344975 
-0.111999 
1.228844 
-0.575666 
2.412147 
1.782155 
2.833309 
2.601925 
-2.404596 
3.735397 
2.677939 
3.344723 
1.045406 
-0.531904 
-5.092307 
-0.636218 
1.747811 
1.427059 
-1.157365 
-2.318002 
0.713957 
2.265366 
1.641003 
1.733882 
-1.739723 
-2.895030 
0.874018 
-0.348028 
5.174586 
1.990561 
1.580045 
-0.085255 
-1.179374 
-0.733473 
-3.823285 
1.931137 
-3.948619 
2.119635 
-2.144016 
2.083076 
0.290255 
2.602310 
0.719316 
-1.045938 
2.202393 
1.919326 
4.575518 
-1.143002 
3.135951 
4.497925 
-0.499916 
0.127785 
1.504401 
-2.000506 
-2.834156 
2.906271 
1.337394 
1.181454 
-0.583350 
1.233414 
3.568123 
4.704917 
-1.993434 
3.075669 
-3.234110 
-1.853811 
-1.062279 
2.164805 
-2.875769 
-1.220021 
-1.208855 
0.611055 
4.007809 
2.145691 
2.242188 
-2.213129 
0.923424 
2.289635 
2.573668 
-4.190625 
1.736081 
-1.067840 
-2.955154 
-1.926721 
0.073247 
-0.787191 
-2.162042 
-2.624187 
-2.747329 
0.396201 
2.644055 
4.307518 
0.567825 
-2.490972 
0.942104 
3.278826 
-1.203190 
-0.334275 
4.796669 
-0.937367 
3.974559 
-3.733212 
2.262161 
-2.191909 
2.607498 
1.274158 
-2.606535 
0.389329 
-1.396000 
3.108726 
1.517545 
1.456063 
-1.100708 
-2.058883 
2.670935 
2.114132 
-0.364273 
-2.632699 
-2.758413 
0.029990 
0.905095 
3.027235 
-2.103575 
-3.104299 
-3.121547 
1.980122 
-1.857923 
-0.666928 
-1.495746 
-3.278840 
1.537297 
-3.050042 
0.102942 
0.657866 
0.051531 
-0.431153 
-1.209569 
0.586589 
3.099770 
0.536024 
0.553722 
1.475722 
-2.705661 
2.594607 
1.898640 
-1.620163 
1.567146 
-1.607226 
-1.111269 
1.950326 
3.196418 
2.935418 
1.835968 
2.602374 
5.377662 
3.137881 
1.440904 
0.144729 
-1.749779 
4.485772 
1.354039 
-3.040585 
-1.796898 
-0.111195 
0.758873 
2.189878 
2.599246 
4.041984 
-2.466764 
2.557422 
0.085328 
0.628671 
0.891552 
4.237154 
-2.146574 
-1.883986 
-2.684340 
-0.892882 
1.182966 
-0.654016 
-2.084149 
-0.394270 
-0.860191 
2.893411 
-0.933489 
-1.282377 
2.124049 
-2.634178 
2.257250 
-2.453835 
-1.355810 
2.043114 
-2.352827 
-4.344406 
-1.209674 
1.547638 
2.718863 
-1.752021 
1.096943 
1.252350 
-2.336191 
-4.498668 
-0.660693 
4.770053 
-3.023498 
-3.120721 
-1.426239 
-4.577194 
-0.872011 
2.528519 
-3.125424 
6.005058 
-1.007344 
2.202733 
-0.062749 
1.200760 
-1.967932 
-1.988676 
1.708174 
-2.852274 
-0.392534 
2.160747 
2.590599 
-1.362164 
4.982786 
-2.860432 
-1.197723 
-2.225576 
-2.355364 
3.040812 
-3.751252 
0.176139 
-2.060102 
1.776531 
-3.663214 
-4.834348 
2.423486 
0.077053 
-3.368423 
3.840124 
-0.536021 
1.696263 
-1.393341 
1.598227 
0.757403 
3.090751 
-0.342606 
1.931064 
-1.131134 
-1.776024 
2.220382 
1.617924 
-2.756870 
1.411221 
-1.127438 
3.034751 
3.816646 
0.816432 
-0.142537 
-1.259690 
-2.176063 
1.317420 
2.170598 
1.632149 
3.274608 
