3.73540 
2.67794 
4.62706 
-0.15075 
-0.53190 
-2.23367 
-0.86746 
-0.20380 
1.42706 
-1.15737 
-2.31800 
0.71396 
2.26537 
1.64100 
2.53028 
-1.73972 
-2.89503 
0.87402 
-0.34803 
3.03761 
-0.08276 
-0.68065 
-0.08526 
-0.67969 
-0.73347 
-3.00197 
1.93114 
-2.09291 
2.11963 
0.05636 
2.08308 
-0.20789 
-0.40730 
1.44948 
-1.04594 
2.20239 
1.91933 
1.45944 
-1.14300 
0.20479 
2.38063 
-0.49992 
0.12778 
1.50440 
-3.65424 
-2.83416 
2.90627 
1.33739 
1.18145 
-0.58335 
1.23341 
3.56812 
4.70492 
-1.99343 
3.07567 
-1.99748 
-1.85381 
-1.06228 
-0.94879 
-2.87577 
-1.22002 
-2.00731 
0.61105 
1.18595 
2.14569 
2.24219 
3.18100 
0.92342 
0.47143 
2.57367 
-4.19063 
1.77576 
-1.06784 
-1.09463 
-2.46069 
0.07325 
-0.78719 
-2.16204 
-2.62419 
-3.64350 
0.39620 
2.64405 
1.00803 
3.69996 
-0.64770 
0.94210 
0.27632 
-1.20319 
-0.33428 
3.95287 
-3.52805 
3.26469 
-2.67979 
4.62030 
1.13852 
2.20827 
1.27416 
-2.60654 
0.38933 
-1.39600 
3.10873 
-1.54888 
1.45606 
-1.10071 
-2.71867 
2.67094 
2.11413 
-0.36427 
-0.86320 
-3.63191 
0.02999 
0.90509 
3.02723 
-2.10357 
-3.10430 
-3.12155 
1.98012 
-1.85792 
-0.66693 
-0.54556 
-3.27884 
-2.02450 
-6.07264 
0.10294 
0.65787 
0.05153 
-0.43115 
-1.20957 
0.58659 
4.22870 
0.53602 
0.55372 
3.94102 
1.34105 
2.59461 
1.89864 
-1.62016 
1.56715 
-1.60723 
-1.11127 
1.95033 
1.56436 
2.93542 
1.83597 
2.60237 
5.37766 
2.37223 
1.44090 
0.14473 
-1.43629 
3.87573 
2.92746 
-3.04059 
-3.10488 
-2.15829 
0.75887 
2.16167 
2.59925 
3.60386 
-2.65505 
2.55742 
1.14411 
0.62867 
0.89155 
4.59741 
2.65221 
-1.88399 
-2.68434 
-0.89288 
1.18297 
-0.65402 
-2.08415 
-0.39427 
-0.86019 
2.89341 
-0.93349 
-1.28238 
2.12405 
-2.63418 
2.25725 
-2.45383 
-1.35581 
2.04311 
-2.35283 
-4.34441 
-1.20967 
1.54764 
2.71886 
-1.75202 
1.09694 
1.25235 
-2.33619 
-4.49867 
-0.66069 
4.77005 
-3.02350 
-3.12072 
-4.90440 
-2.56625 
-0.90598 
2.52852 
-0.30013 
2.94103 
-1.00734 
2.20273 
-0.06275 
1.20076 
-1.96793 
0.29859 
1.70817 
-2.85227 
-0.39253 
3.31270 
2.33243 
-1.36216 
4.98279 
-2.86043 
-1.19772 
-1.32443 
-2.35536 
3.04081 
-1.80329 
0.17614 
-2.06010 
0.67761 
-1.26850 
-4.83435 
0.69848 
-0.33467 
-3.36842 
1.54954 
-0.53602 
1.69626 
-0.57889 
1.59823 
0.75740 
3.09075 
-0.34261 
2.06002 
-1.32693 
-1.77602 
2.22038 
1.61792 
-2.75687 
0.85177 
-1.12744 
3.03475 
2.27090 
-0.93374 
-0.14254 
-1.47074 
-2.17606 
1.31742 
2.32024 
1.69041 
3.32872 
