-2.29429 
-1.72798 
3.53793 
-2.47814 
-1.35063 
-2.23191 
1.60697 
2.29134 
2.48438 
-2.28890 
-1.44011 
-0.24768 
-2.03372 
0.79273 
2.79522 
2.17451 
-2.42659 
-1.52631 
-2.88553 
-0.35219 
0.39642 
-0.83868 
-2.77202 
0.39228 
-2.30003 
2.37936 
0.43005 
0.13373 
-1.84174 
2.31708 
1.69939 
1.68552 
-2.55249 
1.70567 
-1.80832 
-0.76152 
-1.20424 
1.73260 
-1.61177 
-1.86145 
-3.10040 
-1.58657 
-0.78854 
-1.99253 
4.01367 
0.68609 
-2.95960 
2.41057 
2.30138 
-2.70354 
-1.08322 
-1.00258 
1.35843 
-0.71364 
0.64812 
0.44094 
-1.47588 
-4.00656 
-2.56692 
-0.17602 
-2.88794 
2.27406 
-3.34789 
-2.40301 
-2.98146 
-1.75622 
1.96156 
-1.04411 
-1.70782 
1.61106 
-0.84393 
-1.25124 
-3.11710 
-1.87310 
1.98969 
2.37224 
1.95459 
-0.33557 
1.93799 
-1.97085 
0.10248 
-2.58359 
1.37022 
4.88360 
2.76305 
-1.12325 
0.14280 
1.51007 
-0.04509 
3.10896 
-2.37957 
-2.02109 
-0.15007 
2.82737 
2.68457 
-2.81523 
2.54472 
-2.00903 
2.10754 
-2.30468 
2.74362 
2.26536 
-0.82971 
2.76812 
0.47048 
1.79433 
1.99877 
-0.71653 
-4.63443 
2.28184 
-2.74374 
1.56125 
1.05639 
1.76807 
1.26310 
-3.32646 
-2.49678 
-2.85140 
2.41082 
2.67322 
2.34107 
-2.02817 
-2.14175 
-1.16830 
0.30523 
1.85963 
1.98336 
-0.29164 
2.99220 
-1.23280 
0.54527 
2.59423 
-1.84253 
0.55711 
2.22075 
0.62176 
1.50988 
1.07793 
3.04683 
2.96865 
-1.56527 
-2.83851 
1.38830 
2.63271 
2.07115 
-1.27941 
-2.74972 
2.71597 
0.91571 
2.80269 
-1.97845 
-0.10252 
-2.87722 
0.98241 
0.41989 
0.56960 
1.86018 
0.71253 
-1.24514 
2.59656 
-1.47975 
-2.50062 
-2.76815 
-1.32846 
-0.97274 
-3.58125 
1.77436 
-1.09292 
2.30236 
2.34013 
-1.26587 
-2.40451 
2.64322 
-3.01916 
-2.91339 
1.57278 
-0.76183 
-2.52152 
1.14716 
-2.59364 
-2.86042 
-3.38415 
0.44543 
-2.59604 
-0.15424 
-0.82539 
1.11515 
-2.75596 
3.02873 
1.39312 
1.55517 
-1.59261 
-3.45838 
-2.58274 
1.67723 
2.75514 
-1.35830 
1.05229 
-1.47938 
-4.67774 
-1.28764 
-0.54886 
-1.34958 
-1.78602 
0.51879 
-1.23224 
2.92836 
-2.99056 
-2.78918 
0.93392 
-2.44261 
-0.33099 
0.76122 
1.14441 
-2.28426 
-1.35267 
-2.06136 
-1.81188 
-2.12376 
-2.33509 
2.72282 
1.83498 
-1.38646 
-1.34401 
2.39383 
1.97565 
-3.91163 
-2.10606 
0.48496 
-4.18642 
-3.74722 
0.20183 
-2.81349 
-1.51076 
1.55741 
0.84689 
2.42849 
1.34417 
-1.92245 
-2.50149 
-0.86350 
1.69690 
1.48533 
-1.74990 
-3.06415 
-1.44171 
2.80897 
1.52487 
-0.80350 
1.22884 
-2.63837 
2.41215 
1.78216 
1.84350 
-0.99206 
-4.76273 
