-2.29429 
-1.72798 
0.66809 
-1.31285 
-1.35063 
-4.76938 
0.39932 
1.68165 
2.48438 
-2.28890 
-1.44011 
-0.24768 
-2.03372 
0.79273 
0.84121 
2.17451 
-2.42659 
-1.52631 
-2.88553 
0.64654 
-2.21429 
0.92889 
-2.77202 
-3.45079 
-2.30003 
1.56394 
0.43005 
0.20403 
-1.84174 
3.83791 
1.69939 
2.90467 
-5.06561 
-4.29352 
-1.80832 
-0.76152 
-1.20424 
-0.39896 
-1.61177 
-2.00541 
-4.74366 
-1.58657 
-0.78854 
-1.99253 
2.34775 
0.68609 
-2.95960 
2.41057 
2.30138 
-2.70354 
-1.08322 
-1.00258 
1.35843 
-0.71364 
0.64812 
3.14598 
-1.47588 
-4.00656 
-5.56735 
-0.17602 
-2.88794 
4.24433 
-3.34789 
-3.88481 
-2.98146 
-1.75622 
2.60123 
-1.04411 
-2.74646 
1.61106 
-0.84393 
-0.31903 
-3.11710 
-4.41558 
-0.51755 
2.37224 
1.95459 
-0.33557 
1.93799 
1.11438 
0.10248 
-2.58359 
-0.89354 
2.73767 
-0.15564 
-1.12325 
-2.63007 
1.51007 
-0.04509 
2.50737 
-1.80754 
0.58618 
-1.36524 
-0.29805 
1.45101 
0.01006 
2.54472 
-2.00903 
2.10754 
-2.30468 
2.74362 
-0.79802 
-0.82971 
2.76812 
-2.12021 
1.79433 
1.99877 
-0.71653 
-1.68283 
0.49839 
-2.74374 
1.56125 
1.05639 
1.76807 
1.26310 
-3.32646 
-2.49678 
-2.85140 
2.41082 
0.59973 
2.34107 
-2.53832 
-2.33329 
-1.16830 
0.30523 
1.85963 
1.98336 
-0.29164 
2.99220 
0.94931 
0.54527 
2.59423 
-2.99030 
4.03315 
2.22075 
0.62176 
1.50988 
1.07793 
3.04683 
2.96865 
-1.56527 
-4.55864 
1.38830 
2.63271 
2.07115 
-1.27941 
-2.12088 
2.71597 
0.91571 
4.15864 
-2.36247 
-2.65893 
-2.87722 
1.95624 
1.87077 
0.56960 
2.75377 
0.71253 
-2.22278 
-0.44895 
-1.47975 
0.82323 
-2.76815 
-1.32846 
1.24046 
-3.18242 
1.77436 
-1.09292 
2.30236 
2.34013 
-1.26587 
-2.40451 
2.64322 
-3.01916 
-2.91339 
1.57278 
-0.76183 
-2.52152 
1.14716 
-2.59364 
-2.86042 
-3.38415 
0.44543 
-2.59604 
-0.15424 
-0.82539 
1.11515 
-2.75596 
3.02873 
1.39312 
1.55517 
-1.59261 
-3.45838 
-2.58274 
1.67723 
2.75514 
-1.35830 
0.53762 
-1.27768 
-2.19753 
-1.28764 
-1.35873 
0.96074 
-1.78602 
0.51879 
-1.23224 
2.92836 
-2.99056 
2.49515 
0.93392 
-2.44261 
-0.33099 
2.25519 
-1.94886 
-2.28426 
-1.35267 
-2.06136 
-1.81188 
-3.84135 
-2.33508 
2.72282 
4.59643 
-1.38646 
-1.34401 
4.40686 
4.35329 
-3.91163 
-0.36297 
-1.65212 
-4.18642 
-4.28119 
0.20183 
-2.81349 
2.70669 
1.55741 
0.84689 
2.42849 
1.34417 
0.99792 
-1.32527 
-0.86350 
1.69690 
1.48533 
-1.74990 
-0.30029 
-1.44171 
2.80897 
-1.34497 
-0.11200 
1.22884 
-0.57567 
2.41215 
1.78216 
2.83331 
2.60193 
-2.40460 
3.73540 
2.67794 
3.34472 
1.04541 
-0.53190 
-5.09231 
-0.63622 
1.74781 
1.42706 
-1.15737 
-2.31800 
0.71396 
2.26537 
1.64100 
1.73388 
-1.73972 
-2.89503 
0.87402 
-0.34803 
5.17459 
1.99056 
1.58005 
-0.08526 
-1.17937 
-0.73347 
-3.82329 
1.93114 
-3.94862 
2.11963 
-2.14402 
2.08308 
0.29025 
2.60231 
0.71932 
-1.04594 
2.20239 
1.91933 
4.57552 
-1.14300 
3.13595 
4.49792 
-0.49992 
0.12778 
1.50440 
-2.00051 
-2.83416 
2.90627 
1.33739 
1.18145 
-0.58335 
1.23341 
3.56812 
4.70492 
-1.99343 
3.07567 
-3.23411 
-1.85381 
-1.06228 
2.16480 
-2.87577 
-1.22002 
-1.20886 
0.61105 
4.00781 
2.14569 
2.24219 
-2.21313 
0.92342 
2.28964 
2.57367 
-4.19063 
1.73608 
-1.06784 
-2.95515 
-1.92672 
0.07325 
-0.78719 
-2.16204 
-2.62419 
-2.74733 
0.39620 
2.64405 
4.30752 
0.56783 
-2.49097 
0.94210 
3.27883 
-1.20319 
-0.33428 
4.79667 
-0.93737 
3.97456 
-3.73321 
2.26216 
-2.19191 
2.60750 
1.27416 
-2.60654 
0.38933 
-1.39600 
3.10873 
1.51755 
1.45606 
-1.10071 
-2.05888 
2.67093 
2.11413 
-0.36427 
-2.63270 
-2.75841 
0.02999 
0.90509 
3.02723 
-2.10357 
-3.10430 
-3.12155 
1.98012 
-1.85792 
-0.66693 
-1.49575 
-3.27884 
1.53730 
-3.05004 
0.10294 
0.65787 
0.05153 
-0.43115 
-1.20957 
0.58659 
3.09977 
0.53602 
0.55372 
1.47572 
-2.70566 
2.59461 
1.89864 
-1.62016 
1.56715 
-1.60723 
-1.11127 
1.95033 
3.19642 
2.93542 
1.83597 
2.60237 
5.37766 
3.13788 
1.44090 
0.14473 
-1.74978 
4.48577 
1.35404 
-3.04059 
-1.79690 
-0.11119 
0.75887 
2.18988 
2.59925 
4.04198 
-2.46676 
2.55742 
0.08533 
0.62867 
0.89155 
4.23715 
-2.14657 
-1.88399 
-2.68434 
-0.89288 
1.18297 
-0.65402 
-2.08415 
-0.39427 
-0.86019 
2.89341 
-0.93349 
-1.28238 
2.12405 
-2.63418 
2.25725 
-2.45383 
-1.35581 
2.04311 
-2.35283 
-4.34441 
-1.20967 
1.54764 
2.71886 
-1.75202 
1.09694 
1.25235 
-2.33619 
-4.49867 
-0.66069 
4.77005 
-3.02350 
-3.12072 
-1.42624 
-4.57719 
-0.87201 
2.52852 
-3.12542 
6.00506 
-1.00734 
2.20273 
-0.06275 
1.20076 
-1.96793 
-1.98868 
1.70817 
-2.85227 
-0.39253 
2.16075 
2.59060 
-1.36216 
4.98279 
-2.86043 
-1.19772 
-2.22558 
-2.35536 
3.04081 
-3.75125 
0.17614 
-2.06010 
1.77653 
-3.66321 
-4.83435 
2.42349 
0.07705 
-3.36842 
3.84012 
-0.53602 
1.69626 
-1.39334 
1.59823 
0.75740 
3.09075 
-0.34261 
1.93106 
-1.13113 
-1.77602 
2.22038 
1.61792 
-2.75687 
1.41122 
-1.12744 
3.03475 
3.81665 
0.81643 
-0.14254 
-1.25969 
-2.17606 
1.31742 
2.17060 
1.63215 
3.27461 
