0.38566 
-1.72798 
-0.67172 
-0.25573 
-1.35063 
-4.17086 
0.39932 
2.62206 
-0.56723 
-4.46266 
-3.15381 
-2.11559 
-2.03372 
-0.79883 
2.79522 
2.17451 
-0.76845 
-1.52631 
-3.47108 
2.76933 
-2.04554 
-1.95662 
-2.77202 
0.39228 
-2.30003 
2.37936 
-2.37459 
0.13373 
-0.05183 
2.31708 
0.79627 
1.68552 
-2.55249 
-2.11393 
-1.80832 
-1.18243 
-1.20424 
1.73260 
-0.29903 
-3.37298 
-3.10040 
-1.58657 
1.03246 
-4.16861 
-1.28247 
0.85440 
-1.26201 
3.85392 
0.52786 
-2.70354 
-0.48094 
-2.88575 
3.21637 
2.40954 
0.64812 
-1.86023 
-1.47588 
-3.17046 
-2.56692 
1.98372 
-2.13936 
2.27406 
0.22075 
-2.29883 
-4.01372 
-1.42436 
1.90487 
-1.04411 
-0.54333 
-0.90127 
0.23603 
-1.66662 
-3.11710 
-1.87310 
-0.51755 
5.23466 
1.95459 
-0.33557 
1.64122 
1.11438 
0.10248 
-2.58359 
1.37022 
2.94625 
1.17282 
1.30471 
2.50029 
1.51007 
-0.04509 
1.67565 
-2.46808 
-1.51157 
-0.15007 
1.84217 
1.05133 
-0.71908 
2.54472 
-2.00903 
2.10754 
-2.30468 
2.74362 
1.41718 
-0.82971 
2.76812 
1.32250 
1.48407 
1.99877 
1.90995 
-1.68283 
0.49839 
-1.36486 
-1.04741 
0.06197 
1.76807 
1.26310 
-2.24084 
-2.49678 
-1.73570 
2.41082 
0.59973 
5.00382 
-2.53832 
-2.33329 
-1.16830 
0.30523 
2.76117 
1.98336 
-0.29164 
2.99220 
0.94931 
0.54527 
2.59423 
-2.99030 
2.85715 
2.22075 
0.62176 
0.71449 
1.07793 
3.04683 
2.96865 
-1.56527 
-3.43600 
-0.34074 
2.63271 
2.07115 
-0.49019 
-2.26693 
2.71597 
0.46574 
2.80269 
-1.18373 
-0.10252 
-2.87722 
1.96058 
1.87077 
-3.46850 
2.69717 
0.71253 
-2.86363 
-0.44895 
-1.47975 
0.82323 
-0.99632 
-1.32846 
0.53879 
-1.91716 
1.58576 
-1.09292 
1.71417 
2.34013 
-1.26587 
-2.40451 
2.64322 
-3.43088 
-2.91339 
1.57278 
-0.51171 
-4.43299 
3.52847 
-2.59364 
-2.86042 
-1.82033 
0.44543 
-2.59604 
2.30368 
-0.82539 
1.11515 
-3.78367 
3.02873 
1.39312 
1.55517 
-1.59261 
-0.92524 
-2.58274 
0.22052 
2.88717 
-2.36261 
-3.34266 
-2.43776 
-2.19753 
-1.28764 
-0.12924 
-1.46045 
-1.78602 
0.51879 
-1.23224 
2.92836 
-2.99056 
-0.61217 
0.93392 
-2.44261 
-0.33099 
2.25519 
1.14441 
0.28485 
1.41727 
-2.82258 
0.57538 
-2.86179 
-2.93544 
2.72282 
1.83498 
-1.38646 
-3.31375 
2.59723 
1.97565 
-1.73047 
-3.20842 
-1.65212 
1.01515 
-2.88836 
-2.25734 
-2.81349 
0.42517 
1.55741 
2.56974 
2.42849 
1.34417 
3.38941 
-1.32527 
-0.86350 
3.89695 
1.48533 
-1.74990 
-0.30029 
-3.48880 
2.80897 
0.01873 
-1.98325 
3.08877 
0.20275 
-0.53077 
1.66050 
1.98001 
1.26681 
1.33116 
0.81407 
2.67794 
2.06992 
1.88768 
-0.53190 
-0.25014 
-0.63622 
-3.18199 
-0.19581 
-3.25812 
-3.24288 
-3.65598 
2.26537 
-1.14587 
2.53028 
-1.73972 
3.26034 
0.87402 
4.95392 
5.63495 
2.57390 
-2.40001 
-0.08526 
-0.67969 
-0.73347 
-3.00197 
-1.02342 
-2.09291 
4.44719 
0.05636 
1.64741 
-0.20789 
-0.40730 
1.01141 
-1.04594 
4.97472 
1.91933 
1.45944 
-3.04411 
2.72478 
2.38063 
-0.49992 
-2.22284 
2.89588 
-4.03242 
-4.36000 
4.44474 
-0.95357 
3.88650 
-0.58335 
2.75059 
0.61376 
4.24506 
-0.54014 
3.07567 
2.54982 
-1.85381 
2.71953 
-0.94879 
-5.64572 
-4.16208 
-2.00731 
2.76965 
1.51428 
-0.83600 
5.24571 
1.06046 
0.92342 
-2.45733 
2.88343 
-2.01338 
-0.28953 
-1.06784 
-1.09463 
-1.92672 
-0.21359 
-0.78719 
-2.16204 
-1.73095 
-2.74733 
0.39620 
2.64405 
1.00803 
-3.70700 
-5.41758 
1.84792 
3.12651 
-1.20319 
-0.33428 
3.49997 
-2.46995 
3.21936 
-2.67979 
0.36106 
-0.04002 
3.59107 
1.27416 
-2.60654 
0.38933 
-1.39600 
3.10873 
-1.14798 
1.45606 
-1.10071 
-4.49051 
2.14876 
2.11413 
-2.52603 
-2.63270 
-2.75841 
-3.08168 
2.25084 
0.00219 
-2.10357 
-3.10430 
-2.60533 
1.98012 
0.31361 
-0.66693 
-1.49575 
1.44657 
1.53730 
-3.05004 
0.10294 
0.65787 
0.18790 
-0.43115 
-1.20957 
0.58659 
3.09977 
0.53602 
0.55372 
1.47572 
-1.14951 
2.59461 
1.89864 
-1.50495 
1.56715 
-1.60723 
-1.11127 
1.95033 
2.62739 
0.99229 
1.83597 
2.60237 
2.97271 
0.26617 
1.44090 
-1.72646 
-1.43629 
4.39121 
2.92746 
-3.04059 
-1.35667 
-0.11119 
-3.02488 
2.78176 
2.59925 
2.69090 
-2.46676 
2.55742 
0.08533 
1.22855 
0.89155 
2.07742 
0.68156 
2.75701 
-2.68434 
2.13448 
1.18297 
-0.65402 
-2.08415 
-0.39427 
-2.06877 
2.89341 
-0.93349 
1.90209 
1.39491 
-3.33844 
2.25725 
-2.45383 
-2.68902 
2.04311 
-2.35283 
-2.65231 
-1.20967 
1.54764 
3.01948 
-1.75202 
1.09694 
1.25235 
-2.33619 
-1.95932 
-0.66069 
1.69695 
-5.75181 
-1.45719 
-4.43872 
-1.42486 
-0.87201 
2.52852 
-1.93390 
0.18543 
-1.00734 
2.20273 
-0.06275 
1.20076 
-1.96793 
-1.08029 
1.70817 
-2.85227 
-0.39253 
2.16075 
2.33243 
-1.45948 
2.65003 
-2.01883 
1.55856 
0.08596 
-0.62926 
3.04081 
-1.80329 
0.17614 
1.05721 
3.66731 
-1.26850 
-1.94201 
-1.54833 
0.07705 
-3.59845 
1.69001 
-1.22850 
1.69626 
-0.19455 
1.59823 
2.20874 
3.09075 
-0.34261 
3.41482 
-1.13113 
-1.77602 
4.71877 
1.61792 
-2.75687 
1.41122 
1.72546 
3.03475 
2.53398 
2.69960 
-0.02089 
-1.72248 
0.71565 
2.90559 
2.08086 
1.79714 
-2.03979 
