-2.29429 
-1.72798 
3.53793 
-2.47814 
-1.35063 
-2.23191 
1.60697 
2.29134 
2.48438 
-2.28890 
-1.44011 
-0.24768 
-2.03372 
0.79273 
2.79522 
2.17451 
-2.42659 
-1.52631 
-2.88553 
-0.35219 
0.39642 
-0.83868 
-2.77202 
0.39228 
-2.30003 
2.37936 
0.43005 
0.13373 
-1.84174 
2.31708 
1.69939 
1.68552 
-2.55249 
1.70567 
-1.80832 
-0.76152 
-1.20424 
1.73260 
-1.61177 
-1.86145 
-3.10040 
-1.58657 
-0.78854 
-1.99253 
4.01367 
0.68609 
-2.95960 
2.41057 
2.30138 
-2.70354 
-1.08322 
-1.00258 
1.35843 
-0.71364 
0.64812 
0.44094 
-1.47588 
-4.00656 
-2.56692 
-0.17602 
-2.88794 
2.27406 
-3.34789 
-2.40301 
-2.98146 
-1.75622 
1.96156 
-1.04411 
-1.70782 
1.61106 
-0.84393 
-1.25124 
-3.11710 
-1.87310 
1.98969 
2.37224 
1.95459 
-0.33557 
1.93799 
-1.97085 
0.10248 
-2.58359 
1.37022 
4.88360 
2.76305 
-1.12325 
0.14280 
1.51007 
-0.04509 
3.10896 
-2.37957 
-2.02109 
-0.15007 
2.82737 
2.68457 
-2.81523 
2.54472 
-2.00903 
2.10754 
-2.30468 
2.74362 
2.26536 
-0.82971 
2.76812 
0.47048 
1.79433 
1.99877 
-0.71653 
-4.63443 
2.28184 
-2.74374 
1.56125 
1.05639 
1.76807 
1.26310 
-3.32646 
-2.49678 
-2.85140 
2.41082 
2.67322 
2.34107 
-2.02817 
-2.14175 
-1.16830 
0.30523 
1.85963 
1.98336 
-0.29164 
2.99220 
-1.23280 
0.54527 
2.59423 
-1.84253 
0.55711 
2.22075 
0.62176 
1.50988 
1.07793 
3.04683 
2.96865 
-1.56527 
-2.83851 
1.38830 
2.63271 
2.07115 
-1.27941 
-2.74972 
2.71597 
0.91571 
2.80269 
-1.97845 
-0.10252 
-2.87722 
0.98241 
0.41989 
0.56960 
1.86018 
0.71253 
-1.24514 
2.59656 
-1.47975 
-2.50062 
-2.76815 
-1.32846 
-0.97274 
-3.58125 
1.77436 
-1.09292 
2.30236 
2.34013 
-1.26587 
-2.40451 
2.64322 
-3.01916 
-2.91339 
1.57278 
-0.76183 
-2.52152 
1.14716 
-2.59364 
-2.86042 
-3.38415 
0.44543 
-2.59604 
-0.15424 
-0.82539 
1.11515 
-2.75596 
3.02873 
1.39312 
1.55517 
-1.59261 
-3.45838 
-2.58274 
1.67723 
2.75514 
-1.35830 
1.05229 
-1.47938 
-4.67774 
-1.28764 
-0.54886 
-1.34958 
-1.78602 
0.51879 
-1.23224 
2.92836 
-2.99056 
-2.78918 
0.93392 
-2.44261 
-0.33099 
0.76122 
1.14441 
-2.28426 
-1.35267 
-2.06136 
-1.81188 
-2.12376 
-2.33509 
2.72282 
1.83498 
-1.38646 
-1.34401 
2.39383 
1.97565 
-3.91163 
-2.10606 
0.48496 
-4.18642 
-3.74722 
0.20183 
-2.81349 
-1.51076 
1.55741 
0.84689 
2.42849 
1.34417 
-1.92245 
-2.50149 
-0.86350 
1.69690 
1.48533 
-1.74990 
-3.06415 
-1.44171 
2.80897 
1.52487 
-0.80350 
1.22884 
-2.63837 
2.41215 
1.78216 
1.84350 
-0.99206 
-4.76273 
3.73540 
2.67794 
4.62706 
-0.15075 
-0.53190 
-2.23367 
-0.86746 
-0.20380 
1.42706 
-1.15737 
-2.31800 
0.71396 
2.26537 
1.64100 
2.53028 
-1.73972 
-2.89503 
0.87402 
-0.34803 
3.03761 
-0.08276 
-0.68065 
-0.08526 
-0.67969 
-0.73347 
-3.00197 
1.93114 
-2.09291 
2.11963 
0.05636 
2.08308 
-0.20789 
-0.40730 
1.44948 
-1.04594 
2.20239 
1.91933 
1.45944 
-1.14300 
0.20479 
2.38063 
-0.49992 
0.12778 
1.50440 
-3.65424 
-2.83416 
2.90627 
1.33739 
1.18145 
-0.58335 
1.23341 
3.56812 
4.70492 
-1.99343 
3.07567 
-1.99748 
-1.85381 
-1.06228 
-0.94879 
-2.87577 
-1.22002 
-2.00731 
0.61105 
1.18595 
2.14569 
2.24219 
3.18100 
0.92342 
0.47143 
2.57367 
-4.19063 
1.77576 
-1.06784 
-1.09463 
-2.46069 
0.07325 
-0.78719 
-2.16204 
-2.62419 
-3.64350 
0.39620 
2.64405 
1.00803 
3.69996 
-0.64770 
0.94210 
0.27632 
-1.20319 
-0.33428 
3.95287 
-3.52805 
3.26469 
-2.67979 
4.62030 
1.13852 
2.20827 
1.27416 
-2.60654 
0.38933 
-1.39600 
3.10873 
-1.54888 
1.45606 
-1.10071 
-2.71867 
2.67094 
2.11413 
-0.36427 
-0.86320 
-3.63191 
0.02999 
0.90509 
3.02723 
-2.10357 
-3.10430 
-3.12155 
1.98012 
-1.85792 
-0.66693 
-0.54556 
-3.27884 
-2.02450 
-6.07264 
0.10294 
0.65787 
0.05153 
-0.43115 
-1.20957 
0.58659 
4.22870 
0.53602 
0.55372 
3.94102 
1.34105 
2.59461 
1.89864 
-1.62016 
1.56715 
-1.60723 
-1.11127 
1.95033 
1.56436 
2.93542 
1.83597 
2.60237 
5.37766 
2.37223 
1.44090 
0.14473 
-1.43629 
3.87573 
2.92746 
-3.04059 
-3.10488 
-2.15829 
0.75887 
2.16167 
2.59925 
3.60386 
-2.65505 
2.55742 
1.14411 
0.62867 
0.89155 
4.59741 
2.65221 
-1.88399 
-2.68434 
-0.89288 
1.18297 
-0.65402 
-2.08415 
-0.39427 
-0.86019 
2.89341 
-0.93349 
-1.28238 
2.12405 
-2.63418 
2.25725 
-2.45383 
-1.35581 
2.04311 
-2.35283 
-4.34441 
-1.20967 
1.54764 
2.71886 
-1.75202 
1.09694 
1.25235 
-2.33619 
-4.49867 
-0.66069 
4.77005 
-3.02350 
-3.12072 
-4.90440 
-2.56625 
-0.90598 
2.52852 
-0.30013 
2.94103 
-1.00734 
2.20273 
-0.06275 
1.20076 
-1.96793 
0.29859 
1.70817 
-2.85227 
-0.39253 
3.31270 
2.33243 
-1.36216 
4.98279 
-2.86043 
-1.19772 
-1.32443 
-2.35536 
3.04081 
-1.80329 
0.17614 
-2.06010 
0.67761 
-1.26850 
-4.83435 
0.69848 
-0.33467 
-3.36842 
1.54954 
-0.53602 
1.69626 
-0.57889 
1.59823 
0.75740 
3.09075 
-0.34261 
2.06002 
-1.32693 
-1.77602 
2.22038 
1.61792 
-2.75687 
0.85177 
-1.12744 
3.03475 
2.27090 
-0.93374 
-0.14254 
-1.47074 
-2.17606 
1.31742 
2.32024 
1.69041 
3.32872 
